0,273
0,270
3,2
3,1
3,3
10,158
10,214
10,116
10,170
10,88
10,134
10,64
10,150
10,2
10,3
11,20
11,4
11,24
11,8
11,26
11,10
11,2
11,3
9,7
9,6
9,1
9,4
9,2
9,3
65,5
65,4
65,3
8,17
65,2
65,1
8,6
65,0
63,5
63,4
63,3
8,14
63,2
8,9
63,1
8,13
63,0
61,3
8,2
61,2
61,1
8,3
61,0
60,3
60,2
60,1
60,0
54,5
54,4
54,3
12,2
54,2
54,1
12,1
54,0
52,5
52,4
52,3
12,3
52,2
52,1
52,0
43,4
43,3
43,2
43,1
43,0
42,5
42,4
42,3
42,2
42,1
42,0
40,4
40,3
40,2
40,1
38,5
38,3
38,1
36,4
36,3
36,2
36,1
34,3
34,1
20,1
29,3
20,3
29,1
20,2
17,1
17,3
14,5
14,4
14,0
11,29
19,2
11,23
19,1
11,1
19,3
11,5
10,299
10,283
10,237
10,191
10,141
10,133
10,1
